Iteracion:1
0110011100
0000010011
0111100101
1110111100
0101000111
1010010011
0100110100
0101100000
1011011011
0011100100
Iteracion:2
1010011110100010010110001111010011100010111010111110110101010110
0001011000110000001101100010000100000101000101110100101000010011
1111011111100010000100000001000001011000001000110111100110111000
0101110111111011100010000110011110111111110010100010011100110111
1010101100000101101100101101011000101001011010010011001000001101
0110110011011010010001000101111001000111011101011101111010100010
0000110100101111110110111000101111111100011010111011011110011001
1100001011111100111110111101110100111100101000000111110111101011
1111110010110100101101001010001101001101110110001101111110010100
1111110000101111110111110011101010100011101111110110001111001011
Iteracion:3
1001101000101001101100111101010100011100001100001100011110100111
0000001111100110010101000001101100110100011101101100010110111011
0100100001100011111010011000010010000000101101101111111111111110
1110000010100110101000101000001010011111010100100110111101010101
0000111100001100100101010000100110010010110111100000111101001001
0100010101010011110100000101010110010101101101110011011110001011
1000100011111110010010010101100000111101100010100100101001011100
0011011000101110001110000101010000110110111001101000011101101101
0111001011010010001101000100111000000111110001011001001101011000
1011100110000011101111010100110010111101010011010011000100100100
Iteracion:4
0110000001010110011010101110001001110100000011000001011011000000
0001010101111101011101000110010100101110001111100111110010000111
0101100101001101100001100111010001111000000011000101101110011101
1110100100010111111011111001111101111100100110000010011111000011
0111000000111001111101010110010010001000010011010001001110011111
0111101001111100110111001000000101001010100010000111111110101110
0101001001101001111111011110100011010101110110001011010111010010
1111111110000100101010010001011110101010110010001010011111101100
0010100001101100110010000111110010100110100110010010001101000100
0010100110000000101010001100011001010110101000010010100011110000
Iteracion:5
1001010001010011100100110001111101111101100110010110010100100110
0011100011011100110000011110110101001001111111110010000010101000
0110100100111100001111010101101100001101000110011001011111110001
0101001101111101110101111000000000000110011011000110010101011001
1110010011111111111010011001111101110000110000110011101111001100
1111010000100011010010001000010101100000101111111111100100111110
0001010001100000001100110010110111011001011100001010110001010101
1010100110111011001001110101001101010001001101010111011000110000
1111001101001101001100101101000100000111000001101111001100001001
1111001110101110110111001000111100111010000110000001011100001101
Iteracion:6
1010011000111001001111001110010011000011001000101001101000100110
0111001001111010001111101010001001000100001110011110100110000000
0011011100110000100000010111010011011011000000111011110000011101
1111011111000011110100011100100010010010001100011010101110111101
1111001101001011010010010000111101110111111101010001101111001011
0011101110010001111011000110110111111101111011000110101111011100
1110010111101000000111010110010100000000101000000001111000011111
0101010110110111101000011110001111001001011100011000011110110101
0101001111000001010101010011111011100110011111001101011000011111
0011100110011000111000010110100101001001101100011000101101101111
Iteracion:7
1111101100010101101001110011001101000000011000000000100111001010
1110110000100011100000110000001010001010010111011100101001100100
1000001000110001100110100101010011100010101111101010100000111110
1010100111011111001010010010010111011010100010001000100100010010
1100010111110010011010111000010011010011011101110111000010100000
1000001000110101100001011100011011000100111100110101110111110111
1110010101111011100110010111111110100110111001011101111111001001
0101100101011011101000011110010011001111111011011001001001110011
0000010100011100010001111100011001011110110110010011101110011100
0101001111111001000100010110111100010101011101101001111110110011
