Iteracion: 1
0110011100
0000010011
1110111100
0101000111
1010010011
0101100000
1011011011
Iteracion: 2
0001011000110000001101100010000100000101000101110100101000010011
0101110111111011100010000110011110111111110010100010011100110111
1010101100000101101100101101011000101001011010010011001000001101
0000110100101111110110111000101111111100011010111011011110011001
Iteracion: 3
1110000010100110101000101000001010011111010100100110111101010101
0100010101010011110100000101010110010101101101110011011110001011
0111001011010010001101000100111000000111110001011001001101011000
Iteracion: 4
0110000001010110011010101110001001110100000011000001011011000000
0001010101111101011101000110010100101110001111100111110010000111
0101100101001101100001100111010001111000000011000101101110011101
0111000000111001111101010110010010001000010011010001001110011111
1111111110000100101010010001011110101010110010001010011111101100
0010100001101100110010000111110010100110100110010010001101000100
Iteracion: 5
1001010001010011100100110001111101111101100110010110010100100110
0101001101111101110101111000000000000110011011000110010101011001
1110010011111111111010011001111101110000110000110011101111001100
1111010000100011010010001000010101100000101111111111100100111110
Iteracion: 6
1010011000111001001111001110010011000011001000101001101000100110
0111001001111010001111101010001001000100001110011110100110000000
1111011111000011110100011100100010010010001100011010101110111101
0101010110110111101000011110001111001001011100011000011110110101
Iteracion: 7
1110110000100011100000110000001010001010010111011100101001100100
1010100111011111001010010010010111011010100010001000100100010010
0101001111111001000100010110111100010101011101101001111110110011
